Tf1 =

    0.8097


Resultat =

     0


blocf =

   -2.0000   -3.0000   -2.9351         0         0         0
   -1.8319   -2.9792   -2.9351    0.1555   -1.2596    5.2724


ballef =

    5.0000    2.0000   -1.9472         0         0         0
    0.9655    1.5019   -1.9472         0         0   -0.0000


posBlocf =

    1.3806    0.5709    1.8360


posBallef =

    1.3213    0.5285    1.8276


Tf2 =

    0.8102


Resultat =

     0


blocf =

   -2.0000   -3.0000   -2.9400         0         0   15.0000
   -1.9536   -2.7148   -2.9400    1.9311   -0.3143    2.9097


ballef =

    5.0000    2.0000   -1.9521         0         0         0
    3.8862   -4.8443   -1.9521         0         0   -0.0000


posBlocf =

    1.3796    0.5694    1.8345


posBallef =

    1.3238    0.5295    1.8266


Tf3 =

    0.4918


Resultat =

     0


blocf =

         0   -6.0000   -1.8197         0         0         0
    0.1784   -5.9058   -1.8197   -1.3436    2.5441    3.0965


ballef =

    7.0000         0   -3.7113         0         0         0
    2.7186   -2.2611   -3.7113         0         0    0.0000


posBlocf =

    3.0000    0.0492    1.2902


posBallef =

    2.9426         0    1.3058


Tf4 =

    0.7501


Resultat =

    -1


blocf =

         0   -6.0000   -4.3513         0         0   15.0000
         0   -6.0000   -4.3513         0         0   15.0000


ballef =

    5.0000    2.0000   -6.2430         0         0         0
    5.0000    2.0000   -6.2430         0         0         0


posBlocf =

    3.0000   -1.5008    0.4932


posBallef =

    3.3935    1.3574    0.0200


Tf5 =

    1.1822


Resultat =

     1


blocf =

   -2.0000   -3.0000   -6.5855   -5.0000   -5.0000         0
   -2.0000   -3.0000   -6.5855   -5.0000   -5.0000         0


ballef =

    5.0000    2.0000   -5.0631         0         0         0
    5.0000    2.0000   -5.0631         0         0         0


posBlocf =

    0.6356   -0.5466    0.0628


posBallef =

    2.9110    1.1644    0.7132


Tf6 =

    0.7460


Resultat =

    -1


blocf =

   -2.0000   -3.0000   -2.3104         0         0         0
   -2.0000   -3.0000   -2.3104         0         0         0


ballef =

    5.0000    2.0000   -6.2304         0         0         0
    5.0000    2.0000   -6.2304         0         0         0


posBlocf =

    1.5081    0.7621    2.0032


posBallef =

    3.2298    1.2919    0.0200
