>> Main
Situation 1
freq1 =

         0
         0
         0
         0
         0
         0
         0
         0
         0
         0
         0
  211.1616
  211.1086
  211.0504
  210.9864
  210.9157
  210.8375
  210.7507
  210.6539
  210.5456
  210.4241
  210.2871
  210.1319
  209.9553
  209.7535
  209.5215
  209.2533
  208.9417
  208.5771
  208.1480
  207.6395
  207.0329
  206.3045
  205.4242
  204.3543
  203.0479
  201.4485
  199.4907
  197.1045
  194.2240
  190.8037
  186.8396
  182.3892
  177.9311
  173.6040
  169.3080
  165.1681
  161.2801
  157.7050
  154.4717
  151.5840
  149.0278
  146.7787
  144.8071
  143.0818
  141.5727
  140.2518
  139.0939
  138.0770
  137.1815
  136.3910
  135.6911
  135.0695
  134.5159
  134.0213
  133.5781
  133.1799
  132.8210
  132.4966
  132.2028
  131.9358
  131.6927
  131.4707
  131.2677
  131.0815
  130.9103
  130.7528
  130.6074
  130.4730
  130.3485
  130.2331
  130.1258
  130.0259
  129.9328
  129.8459
  129.7647
  129.6887
  129.6174
  129.5505
  129.4876
  129.4284
  129.3727
  129.3201
  129.2705
  129.2236
  129.1793
  129.1373
  129.0975
  129.0597
         0
         0


int1 =

         0
         0
         0
         0
         0
         0
         0
         0
         0
         0
         0
  211.1616
  211.1086
  211.0504
  210.9864
  210.9157
  210.8375
  210.7507
  210.6539
  210.5456
  210.4241
  210.2871
  210.1319
  209.9553
  209.7535
  209.5215
  209.2533
  208.9417
  208.5771
  208.1480
  207.6395
  207.0329
  206.3045
  205.4242
  204.3543
  203.0479
  201.4485
  199.4907
  197.1045
  194.2240
  190.8037
  186.8396
  182.3892
  177.9311
  173.6040
  169.3080
  165.1681
  161.2801
  157.7050
  154.4717
  151.5840
  149.0278
  146.7787
  144.8071
  143.0818
  141.5727
  140.2518
  139.0939
  138.0770
  137.1815
  136.3910
  135.6911
  135.0695
  134.5159
  134.0213
  133.5781
  133.1799
  132.8210
  132.4966
  132.2028
  131.9358
  131.6927
  131.4707
  131.2677
  131.0815
  130.9103
  130.7528
  130.6074
  130.4730
  130.3485
  130.2331
  130.1258
  130.0259
  129.9328
  129.8459
  129.7647
  129.6887
  129.6174
  129.5505
  129.4876
  129.4284
  129.3727
  129.3201
  129.2705
  129.2236
  129.1793
  129.1373
  129.0975
  129.0597
         0
         0


freq2 =

         0
         0
         0
         0
         0
         0
         0
         0
         0
         0
         0
   45.8938
   46.2528
   46.6196
   46.9945
   47.3781
   47.7709
   48.1734
   48.5863
   49.0100
   49.4454
   49.8931
   50.3539
   50.8287
   51.3182
   51.8235
   52.3455
   52.8850
   53.4430
   54.0203
   54.6175
   55.2349
   55.8724
   56.5290
   57.2026
   57.8893
   58.5831
   59.2746
   59.9505
   60.5932
   61.1810
   61.6895
   62.0950
   62.3629
   62.5108
   62.5584
   62.5132
   62.3866
   62.1917
   61.9418
   61.6493
   61.3248
   60.9774
   60.6147
   60.2424
   59.8653
   59.4867
   59.1095
   58.7355
   58.3663
   58.0029
   57.6460
   57.2960
   56.9532
   56.6179
   56.2899
   55.9694
   55.6560
   55.3498
   55.0506
   54.7580
   54.4721
   54.1925
   53.9189
   53.6514
   53.3895
   53.1331
   52.8820
   52.6359
   52.3948
   52.1585
   51.9266
   51.6992
   51.4760
   51.2569
   51.0417
   50.8302
   50.6225
   50.4182
   50.2174
   50.0198
   49.8255
   49.6341
   49.4458
   49.2603
   49.0776
   48.8976
   48.7202
   48.5453
         0
         0


int2 =

         0
         0
         0
         0
         0
         0
         0
         0
         0
         0
         0
   45.8938
   46.2528
   46.6196
   46.9945
   47.3781
   47.7709
   48.1734
   48.5863
   49.0100
   49.4454
   49.8931
   50.3539
   50.8287
   51.3182
   51.8235
   52.3455
   52.8850
   53.4430
   54.0203
   54.6175
   55.2349
   55.8724
   56.5290
   57.2026
   57.8893
   58.5831
   59.2746
   59.9505
   60.5932
   61.1810
   61.6895
   62.0950
   62.3629
   62.5108
   62.5584
   62.5132
   62.3866
   62.1917
   61.9418
   61.6493
   61.3248
   60.9774
   60.6147
   60.2424
   59.8653
   59.4867
   59.1095
   58.7355
   58.3663
   58.0029
   57.6460
   57.2960
   56.9532
   56.6179
   56.2899
   55.9694
   55.6560
   55.3498
   55.0506
   54.7580
   54.4721
   54.1925
   53.9189
   53.6514
   53.3895
   53.1331
   52.8820
   52.6359
   52.3948
   52.1585
   51.9266
   51.6992
   51.4760
   51.2569
   51.0417
   50.8302
   50.6225
   50.4182
   50.2174
   50.0198
   49.8255
   49.6341
   49.4458
   49.2603
   49.0776
   48.8976
   48.7202
   48.5453
         0
         0

Situation 2
freq1 =

         0
         0
         0
         0
         0
         0
         0
         0
         0
         0
  201.3012
  200.8104
  200.2962
  199.7574
  199.1929
  198.6017
  197.9827
  197.3348
  196.6571
  195.9484
  195.2079
  194.4348
  193.6284
  192.7880
  191.9133
  191.0040
  190.0601
  189.0819
  188.0699
  187.0249
  185.9482
  184.8413
  183.7060
  182.5447
  181.3601
  180.1551
  178.9333
  177.6982
  176.4539
  175.2045
  173.9543
  172.7078
  171.4694
  170.2434
  169.0338
  167.8448
  166.6799
  165.5424
  164.4353
  163.3611
  162.3218
  161.3192
  160.3543
  159.4281
  158.5410
  157.6931
  156.8841
  156.1136
  155.3808
  154.6848
  154.0245
  153.3988
  152.8062
  152.2454
  151.7151
  151.2138
  150.7400
  150.2924
  149.8696
  149.4701
  149.0928
  148.7364
  148.3996
  148.0813
  147.7804
  147.4959
  147.2267
  146.9721
  146.7309
  146.5026
  146.2862
  146.0811
  145.8866
  145.7020
  145.5267
  145.3603
  145.2021
  145.0517
  144.9085
  144.7723
  144.6426
  144.5189
         0
         0
         0
         0
         0
         0
         0
         0
         0


int1 =

         0
         0
         0
         0
         0
         0
         0
         0
         0
         0
  201.3012
  200.8104
  200.2962
  199.7574
  199.1929
  198.6017
  197.9827
  197.3348
  196.6571
  195.9484
  195.2079
  194.4348
  193.6284
  192.7880
  191.9133
  191.0040
  190.0601
  189.0819
  188.0699
  187.0249
  185.9482
  184.8413
  183.7060
  182.5447
  181.3601
  180.1551
  178.9333
  177.6982
  176.4539
  175.2045
  173.9543
  172.7078
  171.4694
  170.2434
  169.0338
  167.8448
  166.6799
  165.5424
  164.4353
  163.3611
  162.3218
  161.3192
  160.3543
  159.4281
  158.5410
  157.6931
  156.8841
  156.1136
  155.3808
  154.6848
  154.0245
  153.3988
  152.8062
  152.2454
  151.7151
  151.2138
  150.7400
  150.2924
  149.8696
  149.4701
  149.0928
  148.7364
  148.3996
  148.0813
  147.7804
  147.4959
  147.2267
  146.9721
  146.7309
  146.5026
  146.2862
  146.0811
  145.8866
  145.7020
  145.5267
  145.3603
  145.2021
  145.0517
  144.9085
  144.7723
  144.6426
  144.5189
         0
         0
         0
         0
         0
         0
         0
         0
         0


freq2 =

         0
         0
         0
         0
         0
         0
         0
         0
         0
         0
   48.3305
   48.5140
   48.6975
   48.8809
   49.0640
   49.2466
   49.4286
   49.6097
   49.7895
   49.9679
   50.1446
   50.3191
   50.4912
   50.6605
   50.8265
   50.9888
   51.1470
   51.3004
   51.4488
   51.5914
   51.7278
   51.8573
   51.9794
   52.0936
   52.1992
   52.2957
   52.3826
   52.4594
   52.5256
   52.5808
   52.6246
   52.6568
   52.6772
   52.6857
   52.6820
   52.6664
   52.6389
   52.5997
   52.5490
   52.4871
   52.4146
   52.3316
   52.2389
   52.1369
   52.0261
   51.9071
   51.7804
   51.6467
   51.5065
   51.3604
   51.2089
   51.0526
   50.8919
   50.7273
   50.5593
   50.3883
   50.2147
   50.0388
   49.8611
   49.6818
   49.5011
   49.3195
   49.1371
   48.9542
   48.7709
   48.5874
   48.4039
   48.2205
   48.0374
   47.8547
   47.6725
   47.4909
   47.3100
   47.1298
   46.9504
   46.7718
   46.5942
   46.4176
   46.2419
   46.0673
   45.8937
   45.7212
         0
         0
         0
         0
         0
         0
         0
         0
         0


