>> Main

coup11 =

     0


tf =

    4.2964


xf =

  142.0000


yf =

   142


zf =

    0.0213


vbf11 =

   30.0000
         0
  -21.0523


coup12 =

     1


tf =

    4.0532


xf =

  117.5459


yf =

   142


zf =

    0.0184


vbf12 =

   22.2484
         0
  -18.9237


coup13 =

     1


tf =

    6.3386


xf =

  143.2353


yf =

   142


zf =

    0.0193


vbf13 =

   20.6170
         0
  -20.2584


coup21 =

     2


tf =

    1.4770


xf =

   52.3876


yf =

  150.0026


zf =

   21.9031


vbf21 =

   25.3132
   20.3132
    7.5777


coup22 =

     2


tf =

    1.5870


xf =

   52.3854


yf =

  150.0009


zf =

   20.7943


vbf22 =

   22.0505
   17.6950
    4.6293


coup23 =

     1


tf =

    5.5934


xf =

  143.8662


yf =

  139.2278


zf =

    0.0175


vbf23 =

   20.0582
   -8.7438
  -20.5196


coup31 =

     0


tf =

    4.2964


xf =

  141.9973


yf =

  141.9993


zf =

    0.0213


vbf31 =

   29.8850
    2.6146
  -21.0523


coup32 =

     1


tf =

    4.0532


xf =

  117.6373


yf =

  139.8681


zf =

    0.0184


vbf32 =

   22.1633
    1.9390
  -18.9237


coup33 =

     0


tf =

    6.0092


xf =

  142.0094


yf =

  142.0005


zf =

    0.0176


vbf33 =

   20.6120
    1.8033
  -20.0432


coup41 =

     1


tf =

    4.2964


xf =

  141.6973


yf =

  141.2333


zf =

    0.0213


vbf41 =

   29.8850
    2.6146
  -21.0523


coup42 =

     1


tf =

    4.0532


xf =

  117.3373


yf =

  139.1021


zf =

    0.0184


vbf42 =

   22.1633
    1.9390
  -18.9237


coup43 =

     1


tf =

    4.5662


xf =

  125.9973


yf =

  129.2228


zf =

    0.0205


vbf43 =

   21.6050
   -2.2236
  -19.1360

>> 